MAXID 26
SUPPORT 81.9
SUPPORT 72.8
1,2,3,4,5,1,4,4,4,5,2,2,2,3,3,6,7,8,9,9,8,6,5,5,10,6,8,10,10,8
11,11,2,3,1,4,5,4,5,2,8,6,7,10,9,9,8,8,6,6,8,9,10,6,5,2,2,2,2,3,2,6,6,6,6,2
2,3,1,4,5,1,4,5,2,2,2,2,2,3,5,2,2,7,6,8,9,9,10
2,3,1,4,5,1,4,5,2,2,2,3,2,4,1,4,3,4,7,6,8,9,6,8,8,6,5,6,9,7,4,8,6,10,10
2,3,2,2,2,3,11,1,4,5,4,4,5,5,2,6,7,8,9,6,5,2,9,8,8,8,8,6,3,3,10,10,10,10,10,10,1,9,8,10,6,5,2,12,13,13,13,14,14,14,15,15,16,16,16,17,17,17,17,18,18,18,19,19,19,19,20,20,20,20,21,21,21,22,22,22,23,23,23,23,24,24,24,24,25,25,25,25
2,3,1,4,5,5,2,2,6,7,8,9,9,9,9,8,6,4,10,9,8,10,7
2,3,1,4,5,5,5,16,19,23,23,24,24,12,13,13,13,14,14,14,15,15,16,16,17,17,17,17,18,18,18,19,19,19,20,20,20,20,21,21,21,22,22,22,23,23,24,24,25,25,25,25,3,5,1,4,3,5,7,5,6,8,9,8,6,8,9,10,10,5,6,6,6,6,6,9,6,9,8,10,10
2,3,1,4,5,5,4,1,5,2,2,3,4,5,7,6,8,9,7,8,6,5,2,2,3,10,6,5,10,10,8,9
2,3,1,4,5,1,4,5,2,2,5,5,4,5,5,7,5,6,8,9,6,5,10,10,8,3
2,3,2,2,1,4,5,5,4,5,6,7,8,9,6,9,9,9,8,1,5,3,10,10
6,7,3,1,5,2,8,9,4,9,8,4,1,6,5,8,5,10,5,2,5,4,2,3,5,6,10,5,3,3,3,3,5,2,5,5,2,2,2,3,9,8,10,6,6,6,10
2,3,1,4,5,5,1,4,2,2,2,2,2,2,5,4,3,7,7,6,8,9,10,4,6,5,3,9,8,10,9,8,10,2,9,8,10
2,3,3,3,2,11,11,1,4,5,4,1,6,7,8,9,2,6,5,5,5,4,9,8,6,10,5,5,5,6,10,5,5,8,10,10,6,6
2,3,11,1,4,5,1,1,2,5,5,4,4,1,5,2,2,2,3,6,7,8,9,6,5,2,3,3,3,3,3,2,2,2,5,2,2,2,3,4,4,9,9,8,6,6,5,5,5,5,5,2,2,2,2,2,2,2,2,5,3,3,3,3,3,3,3,3,3,3,3,5,5,5,10,10,10,4,9,8,5,5,9,9,10,9,9,8,8,10,10,10,10,10,9,9,8,8,8
2,3,1,4,5,1,4,2,3,2,5,2,7,3,5,6,8,9,5,2,6,3,3,7,10,2,9,8,10,6,6,6,6
2,3,1,4,5,4,1,1,5,3,3,3,3,5,2,2,2,3,3,3,3,3,3,4,2,5,5,5,5,3,5,5,5,3,2,5,5,5,5,3,2,6,7,8,9,5,5,2,9,9,9,9,8,5,9,8,6,8,10,7,10,7,5,5,2,2,3,3,3,3,3,2,2,2,2,2,2,2,3,3,2
2,3,4,1,5,5,3,3,2,2,7,2,7,4,6,8,9,6,9,9,6,9,9,9,8,6,3,6,6,10,9,9,8,10,8,8,9,2
2,3,1,4,5,5,1,4,5,2,3,2,2,2,2,2,6,7,8,9,2,2,2,2,2,2,2,2,10,2,6,7,4,6,5,3,3,2,9
2,3,5,1,4,4,4,5,2,2,5,7,6,8,9,8,6,2,5,1,8,10,1,9,8,10,6
2,3,1,4,5,5,2,2,2,3,7,5,3,3,6,8,9,9,8,6,5,5,6,6,6,2,9,8,10,10,10,8,8,9,10,2
2,3,3,3,3,2,2,2,2,2,1,4,5,5,2,7,3,5,6,8,9,5,6,4,9,8,5,10,2,2,6,6,6,4,9,10,8,9,8,10,5,5,5,7,7,7
2,3,2,2,3,1,4,5,1,2,2,2,5,5,5,3,3,4,2,2,2,2,5,5,5,2,2,5,2,2,7,6,8,9,5,2,8,6,4,8,10,10,6,10,4,10,9,2,8,2,2,10,2,2,2,2,2,2,2
2,3,2,3,3,3,11,1,4,5,1,5,5,5,3,6,7,8,9,8,6,9,5,10,6,5,9,8,10,2,5
2,3,11,2
2,3,2,1,4,5,5,5,6,7,8,9,7,4,9,5,3,3,2,5,2,2,6,2,2,2,3,2,5,8,2,2,5,6,6,3,2,6,5,2,10,5,5
2,3,1,4,5,5,2,2,2,2,2,2,2,2,2,6,7,8,9,2,8,10,4,6,9,8,10
2,3,11,1,4,5,2,2,4,1,5,2,3,1,4,6,7,8,9,8,9,10
2,3,3,3,3,2,2,1,4,5,4,5,5,5,5,1,4,5,5,5,7,7,6,8,9,9,8,8,6,5,7,6,8,10,10,26,5,7
2,3,11,1,4,5,4,6,7,8,9,8,7,9,8,6,5,2,10,4,1,2,6,5,2,6,6,10,6,6,5,3,5,3,2,6
2,3,3,3,3,1,4,5,3,3,3,3,6,7,10,8,9,8,9,6,2,2,2,2,2,3,5,10,8,9,8,10,6,6,5,2,2,3,7,4,9,6,5,2,2,6,5,2,3,3,2,1,2,3,3,2,6,5,6,10,8,3,3,6,10,8,9,4,5,3,3,2,2
2,3,11,1,4,5,5,2,2,4,1,6,7,8,9,8,6,5,5,10,6,10,5
6,7,3,1,5,10,2,8,9,4
2,3,3,3,1,4,5,5,5,3,2,5,4,1,3,7,6,8,9,6,6,6,8,8,7,9,9,8,8,9,9,8,7,4,1,1,4,7,3,2,5,6,10,10,10,6,5,3,2,9,8,10,10,4,5
6,10,7,3,1,5,2,8,9,4,4
2,3,1,4,5,5,4,1,1,4,1,4,4,5,5,5,2,2,2,2,2,2,5,3,1,7,2,5,6,8,9,6,7,7,8,6,5,1,9,7,7,10,10,5,9,8,10,6,4,6,9,9,9,8,26,2,5,6,5,3,2,5,9,8,10,7
2,3,1,4,5,4,4,4,4,5,1,5,2,4,1,7,5,5,2,6,8,9,8,8,6,6,6,7,6,6,5,10,8,10,6,6,6,6,6,5,3
2,3,1,4,5,2,6,7,8,9,9,8,6,2,2,2,5,2,2,3,6,10,3,3,3,6,1,4,7,9,8,10,5,2,2,3,3,3
2,3,1,4,5,5,1,1,4,4,4,8,6,7,9,7,1,4,9,8,9,6,5,5,5,6,5,3,5,5,3,2,2,10,5,2,2,2,2,2,2,2,2,9,9,9,9,9,10,2,10,9,9,9,9,9,10,1,2
2,3,1,4,5,4,4,4,4,4,1,1,5,5,2,4,5,2,2,2,2,3,3,3,3,3,2,2,2,3,3,3,3,2,2,5,2,2,2,2,2,6,7,8,9,10,7,6,8,8,10,6,6,10,26
2,3,1,4,5,4,5,2,2,2,2,5,5,2,2,2,2,5,2,5,5,2,2,6,7,8,9,4,8,5,2,2,5,10,6,6,6,10,10,8,9,2,5,2,5,10,10,9,10
2,3,2,2,2,2,3,3,2,2,2,2,3,1,4,5,1,4,5,2,2,2,5,5,3,5,2,2,2,4,4,5,5,3,3,5,6,7,8,9,8,9,6,6,6,10,2
2,3,1,4,5,5,4,4,4,4,4,1,5,2,2,2,3,2,5,2,2,13,15,19,24,12,13,13,14,14,14,15,16,16,16,17,17,17,17,18,18,18,19,19,19,20,20,20,20,21,21,21,22,22,22,23,23,23,23,24,24,24,25,25,25,25,6,7,8,9,7,4,4,4,4,10,10,4,7,26,6,5,2,4,9,8,10,5,2,3,5,2,3,9,9,8,10,6,6,6,6,6,6,6,6,6,3,3,2,6,2,2,2,2,2,2,5,2,2,2,2,2,2,2,2,2,2,2,2,2,2,2,2,2,2,2,2,9,2,2
2,3,2,1,4,5,5,2,1,5,5,2,6,7,8,9,4,9,5,2,10,1,7,9,6,4,5,2,6,5,8,9,10,2,10,4,5,10,8,9,8,10,2,2,2,5,3,2
2,3,1,4,5,1,5,2,2,7,5,6,8,9,6,5,5,5,5,6,3,3,6,10,3,4,9,8
2,3,14,12,13,13,13,14,14,15,15,16,16,16,17,17,17,17,18,18,18,19,19,19,19,20,20,20,20,21,21,21,22,22,22,23,23,23,23,24,24,24,24,25,25,25,25,2,3,11,11,1,4,5,5,2,3,5,2,3,6,7,8,9,8,6,10,10,4,6
6,7,3,1,5,10,2,8,9,4,2,5,5
2,3,1,4,5,5,2,2,2,2,3,5,2,2,2,2,3,2,5,2,2,4,2,2,2,5,3,6,7,8,9,5,6,5,6,10,3,6,5,6,10,8,2,8,9
2,3,4,1,5,4,5,5,2,2,3,2,2,2,2,2,2,2,2,2,2,3,5,2,3,2,2,2,2,5,5,4,1,1,1,4,11,11,11,11,11,4,5,7,6,8,9,6,2,9,8,8,5,11,11,11,11,3
2,3,1,4,5,1,1,4,5,2,2,2,3,3,3,5,5,2,3,3,3,2,2,2,7,5,6,8,9,8,8,8,8,8,8,8,8,8,9,9,9,9,8,6,6,6,6,10,4,4,4,6,10,6,8,10,6,6,10,10,6,6,2,2,5,5
2,3,2,2,1,4,5,1,4,5,2,2,4,2,5,1,4,7,4,5,2,10,6,8,9,10,8,9,10,6,2,2,2,6,5,2,2,2,2,2,2,2,2
2,3,12,13,13,13,14,14,14,15,15,16,16,16,17,17,17,17,18,18,18,19,19,19,19,20,20,20,20,21,21,21,22,22,22,23,23,23,23,24,24,24,24,25,25,25,25,2,2,3,2,2,11,1,4,5,5,5,7,5,6,8,9,8,5,6,8,10,10,8,7,10
2,3,1,4,5,2,2,9,6,7,10,8,7,9,6,5,5,5,6,6,5,6
2,3,1,4,5,4,1,5,5,2,2,3,2,5,3,5,5,5,5,5,5,4,1,4,5,2,7,5,6,8,9,4,8,9,6,5,2,5,5,5,5,2,10,10,2
2,3,1,4,5,5,4,7,5,8,6,9,8,5,6,6,6,10,7,7,10,7,9,10
2,3,3,3,3,3,3,3,3,3,3,1,4,5,6,7,8,9,6,1,9,8,4,10,5,6,9,8,10,2,5,9,8,10,2,7,7
3,6,7,1,5,2,8,9,4,7,4,1,9,8,6,2,3,6,5,2,6,6,5,3,2,3,3,10,10
2,3,3,3,3,3,3,3,3,3,2,1,4,5,5,7,6,8,9,6,10,10,6,10,8,9,6,5,2,2,2,3,2
2,3,3,1,4,5,5,1,4,5,2,3,5,5,2,2,2,2,2,3,3,2,2,5,2,2,2,3,3,3,3,3,3,3,3,2,2,2,2,2,5,2,3,3,2,2,2,7,6,8,9,2,9,9,2,2,2,6,6,6,6,6,9,2,10,2,9,9,9,8,10,5,3,2,5,2,2,3,2,2,2
11,11,11,11,2,3,11,11,11,1,4,5,6,7,8,9,9,8,6,5,2,2,2,2,2,3,10,10,2,2,6,5,2,3,5
2,3,2,2,3,1,4,5,5,5,2,2,2,5,5,3,7,5,6,8,9,8,6,6,5,6,10,10,5,6
2,3,2,11,1,4,5,1,4,5,2,2,5,5,7,9,6,8,10,10,10,8,6,6,6,6,7
2,3,1,4,5,1,4,5,2,2,2,3,3,2,2,2,3,3,2,3,2,3,2,2,2,7,6,8,9,9,8,6,6,6,10,10
2,3,2,2,2,3,3,2,1,4,5,4,5,2,2,5,4,2,6,7,8,9,8,6,2,6,7,10,10
2,3,3,1,4,5,8,6,7,9,9,7,9,8,8,5,5,5,2,2,2,3,2,5,10,7,7,7,7,7,7,10,8,2,5,6,6,5,10,10,9,8,6,6,6,6,6,7
2,3,1,4,5,2,2,5,2,7,6,8,9,6,7,9
6,7,3,1,5,10,2,8,9,4,7,9,10,10,6,10,2,2,2,2,2,2,2,2,6,6,3,3,9,10,9,8,6,6,6
2,3,2,5,1,4,4,5,5,5,7,6,8,9,6,5,1,2,6,1,4,7,6,5,9,8,10,10
6,7,3,1,5,10,2,8,9,4,2,2,2,2,2
2,3,1,4,5,6,7,8,9,10,6,5,2,2,3,1,9,8,10,6,5,2,3
2,3,2,2,2,1,4,5,5,5,7,6,8,9,6,8,6,4,10,10,10,10,10,10,10,10
2,3,2,2,2,2,2,1,4,5,5,2,1,4,5,2,4,2,5,2,7,5,2,1,4,6,8,9,8,6,6,6,6,8,8,6,6,10,5,8,5,2,10,6,6,6,6,6,6
6,7,3,1,5,2,8,9,4,2,2,2,2,8,8,5,3,2,10,5,5,5,6,5,5
2,3,2,2,2,2,2,3,12,13,13,13,14,14,14,15,15,16,16,16,17,17,17,17,18,18,18,19,19,19,19,20,20,20,20,21,21,21,22,22,22,23,23,23,23,24,24,24,24,25,25,25,25,2,2,2,3,3,1,4,5,5,2,2,2,2,1,4,2,2,2,2,2,2,5,2,2,2,2,2,2,2,2,2,2,2,2,2,2,3,3,3,3,2,3,2,2,3,2,3,2,2,2,2,7,7,5,2,2,6,8,9,9,9,8,6,6,6,6,6,6,6,8,6,6,6,6,10,10,4,5,9,8,10
3,2,2,2,2,2,2,2,2,2,2,1,4,5,5,5,6,7,8,9,5,8,6,6,6,6,6,10,10,8,3,7,5,6
6,7,3,1,5,10,2,8,9,4
2,3,1,4,5,4,5,3,3,5,2,3,2,5,2,2,2,3,3,2,2,2,2,11,2,11,11,11,7,6,8,9,2,9,8,9,6,6,10,10,4,5,6,5,5,2,2,5,3,10,6,2,8,9,2
2,3,11,1,4,5,4,5,4,2,2,7,2,6,8,9,8,6,2,10
2,3,2,1,4,5,5,5,2,2,6,7,8,9,8,9,6,8,8,9,9,10,4,4,9,8,10,5,6,6,6,10,10,10,10,8,9,6,6,7
6,7,3,1,5,10,2,8,9,4
2,3,1,4,5,5,2,3,5,5,2,2,3,3,3,3,3,3,3,5,2,12,13,13,13,14,14,14,15,15,16,16,16,17,17,17,17,18,18,18,19,19,19,19,20,20,20,20,21,21,21,22,22,22,23,23,23,23,24,24,24,24,25,25,25,25,9,6,7,8,10,6,10,8,2,9,8,8,10,10,6,2,2,2,2,2,2,2,2,2,2,2,2,2,2,2,6,5
2,3,2,2,2,2,2,2,11,11,1,1,4,5,5,4,4,4,4,4,5,1,4,5,2,2,9,6,7,8,8,6,5,8,5,3,3,10,10,10,5,3,5,9,8,10,6,5,10
2,3,1,4,5,5,4,1,1,4,5,2,6,7,8,9,8,8,9,9,6,10,8,8,8,10,5,6,6,6,10,6,2,5,2,2
2,3,5,1,4,4,6,7,10,8,9,3,10,5,2,6,6,6,10,9,9,8,3,8,10,6
2,3,1,4,5,5,2,2,1,6,7,8,9,8,8,9,5,5,5,5,5,4,5,10,1,4,9,8,10,6,6,5,5,5,2,2,5,4,9,2,10,10,6,2
2,3,1,4,5
2,3,2,2,2,1,4,5,1,4,5,2,3,5,3,6,7,8,9,1,9,5,2,2,2,1,4,7,9,9,9,6,3,9,8,6,5,3,7,10,4,3,2,3,2,2,2,3,3,5,6,10,8,9
6,7,3,1,5,10,2,8,9,4
2,3,2,11,2,2,1,4,5,5,5,2,2,2,5,5,4,1,6,7,8,9,5,6,6,3,5,3,3,3,6,10,2,5,5,2,2,2,6,2,2,6,9,8,10
2,3,2,2,2,2,2,3,2,1,4,5,4,4,5,5,2,2,2,3,2,2,2,6,7,8,9,9,10,2,6,5,2,6,5,2,2,5,2,2,9,8,10,9,8,10
2,3,1,4,5,2,2,2,2,1,2,2,2,2,6,7,8,9,6,9,8,9,6,5,2,22,24,12,13,13,13,14,14,14,15,15,16,16,16,17,17,17,17,18,18,18,19,19,19,19,20,20,20,20,21,21,21,22,22,23,23,23,23,24,24,24,25,25,25,25,4,3,6,7,9,5,10,10,10,10,6,6,2,5,10,5,10,8
2,3,1,4,5,5,5,5,6,7,8,9,5,9,8,6,2,10,6,5,9,8,10,5,5,9,8,9,10,9,5,2
